1 | BSC | 101.1 | 102.1 | 94.5 | 101.1 | 94.5 | 6.6 | 5,610 | 308.9110 | 3,116,678 | 
2 | SEAPEARL | 53.1 | 55.6 | 53 | 53.1 | 54.6 | -1.5 | 4,578 | 229.4630 | 4,217,392 | 
3 | BRACBANK | 63.8 | 64.6 | 61.6 | 63.8 | 62.7 | 1.1 | 1,944 | 204.9560 | 3,254,883 | 
4 | RENATA | 516.9 | 535 | 494 | 516.9 | 494 | 22.9 | 3,681 | 202.4120 | 398,334 | 
5 | KBPPWBIL | 121.1 | 122.9 | 115.8 | 121.1 | 120.8 | 0.3 | 2,810 | 151.7460 | 1,262,422 | 
6 | LHB | 54.5 | 55.3 | 50.5 | 54.5 | 50.3 | 4.2 | 3,170 | 144.5130 | 2,698,437 | 
7 | IDLC | 37.8 | 38 | 34.6 | 37.8 | 34.6 | 3.2 | 2,177 | 140.9130 | 3,779,654 | 
8 | BXPHARMA | 100.5 | 101.4 | 97.2 | 100.5 | 97.2 | 3.3 | 2,404 | 108.4630 | 1,086,874 | 
9 | ACMEPL | 15.1 | 15.8 | 14.9 | 15.1 | 14.7 | 0.4 | 1,942 | 102.3300 | 6,651,932 | 
10 | NAVANAPHAR | 55.8 | 56.5 | 53 | 55.8 | 53.3 | 2.5 | 2,518 | 102.3130 | 1,868,422 | 
11 | RAHIMAFOOD | 127.1 | 133 | 124 | 127.1 | 122.7 | 4.4 | 3,561 | 95.4860 | 744,581 | 
12 | LOVELLO | 94.4 | 97.4 | 93.5 | 94.4 | 97.4 | -3 | 2,525 | 95.3930 | 1,002,778 | 
13 | ORIONINFU | 337.2 | 341 | 333.1 | 337.2 | 335.8 | 1.4 | 2,008 | 93.8730 | 279,156 | 
14 | IPDC | 17.2 | 17.6 | 16.3 | 17.2 | 16.3 | 0.9 | 2,138 | 91.6480 | 5,342,939 | 
15 | MIDLANDBNK | 25 | 26.7 | 24.7 | 25 | 25.8 | -0.8 | 1,932 | 90.1960 | 3,573,715 | 
16 | BATBC | 290.1 | 291 | 285.3 | 290.1 | 284.8 | 5.3 | 3,001 | 87.3130 | 301,918 | 
17 | BEACHHATCH | 48.9 | 49.7 | 48.6 | 48.9 | 49.6 | -0.7 | 2,646 | 87.2200 | 1,773,985 | 
18 | IBP | 14.5 | 15.1 | 14.4 | 14.5 | 14.3 | 0.2 | 1,925 | 85.3680 | 5,788,281 | 
19 | EHL | 78.8 | 80.3 | 77.5 | 78.8 | 77.8 | 1 | 1,698 | 85.3220 | 1,074,611 | 
20 | SQURPHARMA | 216.1 | 216.5 | 213 | 216.1 | 213 | 3.1 | 1,674 | 83.2230 | 386,604 | 
21 | EIL | 39.5 | 44 | 39.5 | 39.5 | 43.8 | -4.3 | 3,580 | 77.8860 | 1,904,644 | 
22 | PRIMEBANK | 26.1 | 26.3 | 25.2 | 26 | 25 | 1.1 | 660 | 77.2180 | 3,000,591 | 
23 | ASIATICLAB | 44.4 | 45 | 43.3 | 44.4 | 43.6 | 0.8 | 1,313 | 75.1420 | 1,704,168 | 
24 | QUASEMIND | 40.9 | 41.5 | 39.4 | 40.9 | 39.1 | 1.8 | 1,636 | 71.5260 | 1,761,832 | 
25 | LANKABAFIN | 16.9 | 17.4 | 16.1 | 16.9 | 16.1 | 0.8 | 1,626 | 68.5770 | 4,061,035 | 
26 | ROBI | 25.8 | 25.9 | 25.3 | 25.8 | 25.4 | 0.4 | 1,311 | 66.5570 | 2,595,315 | 
27 | UTTARABANK | 21.1 | 21.3 | 21 | 21.1 | 21.2 | -0.1 | 984 | 65.7750 | 3,114,815 | 
28 | CITYBANK | 21.4 | 21.4 | 21.2 | 21.4 | 21.3 | 0.1 | 622 | 64.8270 | 3,035,373 | 
29 | SPCL | 43.1 | 44.3 | 42.3 | 43.1 | 42.3 | 0.8 | 1,409 | 63.7220 | 1,468,571 | 
30 | EASTRNLUB | 2 | 3,004.9 | 2,920 | 2,967.4 | 2 | -28.1 | 1,788 | 60.8950 | 20,475 | 
31 | AGNISYSL | 27.2 | 27.3 | 27 | 27.2 | 27.1 | 0.1 | 1,181 | 59.7100 | 2,197,602 | 
32 | GP | 303 | 304.1 | 300.2 | 303 | 300.2 | 2.8 | 1,316 | 58.6380 | 193,685 | 
33 | MONOSPOOL | 108.8 | 112.9 | 108 | 108.8 | 109.8 | -1 | 2,094 | 58.4560 | 530,941 | 
34 | LIBRAINFU | 816.4 | 841.3 | 799 | 816.4 | 782.6 | 33.8 | 1,968 | 57.6240 | 69,452 | 
35 | KAY&QUE | 245 | 252 | 238.8 | 245 | 233.8 | 11.2 | 1,606 | 57.3390 | 232,670 | 
36 | ITC | 38.7 | 39.2 | 37.7 | 38.7 | 38.1 | 0.6 | 1,054 | 55.9520 | 1,451,221 | 
37 | MAGURAPLEX | 92.7 | 95.2 | 92.1 | 92.7 | 94.3 | -1.6 | 1,757 | 55.0500 | 588,459 | 
38 | INTRACO | 22.2 | 22.5 | 22.1 | 22.2 | 22.5 | -0.3 | 1,344 | 49.4890 | 2,223,977 | 
39 | TECHNODRUG | 32.7 | 32.9 | 32.4 | 32.7 | 32.8 | -0.1 | 1,114 | 49.0820 | 1,502,593 | 
40 | BARKAPOWER | 11.4 | 11.7 | 10.8 | 11.4 | 11 | 0.4 | 810 | 47.9380 | 4,190,325 | 
41 | DSSL | 10.4 | 10.6 | 10.3 | 10.4 | 10.2 | 0.2 | 1,106 | 45.6790 | 4,388,957 | 
42 | AIL | 48.4 | 49.2 | 47.9 | 48.4 | 48.6 | -0.2 | 1,509 | 45.0790 | 929,105 | 
43 | MALEKSPIN | 24.4 | 24.5 | 24 | 24.4 | 23.8 | 0.6 | 1,115 | 40.7590 | 1,677,527 | 
44 | EBL | 24.5 | 24.6 | 24.4 | 24.5 | 24.5 | 0 | 268 | 40.6620 | 1,660,073 | 
45 | OLYMPIC | 159 | 160.8 | 155.3 | 159 | 156 | 3 | 928 | 40.1930 | 252,852 | 
46 | SONALIPAPR | 159 | 161.6 | 158 | 159 | 159.9 | -0.9 | 1,514 | 40.0190 | 250,644 | 
47 | BPPL | 15.3 | 15.7 | 15.1 | 15.3 | 15.3 | 0 | 1,166 | 39.8190 | 2,579,732 | 
48 | MONNOCERA | 89.5 | 91.8 | 89 | 89.5 | 91.3 | -1.8 | 1,384 | 39.6240 | 438,547 | 
49 | BPML | 35.4 | 36.5 | 34.2 | 35.4 | 34.4 | 1 | 1,399 | 39.0590 | 1,096,113 | 
50 | SPCERAMICS | 21.3 | 21.5 | 20.9 | 21.3 | 21 | 0.3 | 1,043 | 38.1440 | 1,796,756 | 
51 | SBACBANK | 8.3 | 8.3 | 7.8 | 8.3 | 7.6 | 0.7 | 932 | 37.1250 | 4,591,133 | 
52 | DGIC | 25.8 | 26.7 | 25.1 | 25.8 | 26.6 | -0.8 | 870 | 36.8170 | 1,415,571 | 
53 | PREMIERBAN | 7.5 | 7.6 | 7.4 | 7.5 | 7.6 | -0.1 | 261 | 35.9980 | 4,799,752 | 
54 | SALAMCRST | 21.4 | 22 | 21.2 | 21.4 | 21.7 | -0.3 | 908 | 35.5400 | 1,651,460 | 
55 | FINEFOODS | 253 | 255.2 | 251.7 | 253 | 252.8 | 0.2 | 812 | 35.5110 | 140,462 | 
56 | 1STPRIMFMF | 23.3 | 23.7 | 22.7 | 23.3 | 23.1 | 0.2 | 1,159 | 35.0770 | 1,502,781 | 
57 | HAKKANIPUL | 67.2 | 68.9 | 67 | 67.2 | 68.6 | -1.4 | 939 | 34.8400 | 514,172 | 
58 | ACMELAB | 76.9 | 77.2 | 75 | 76.9 | 75.1 | 1.8 | 1,077 | 33.9080 | 442,955 | 
59 | ISLAMIBANK | 43.2 | 44.1 | 42.9 | 43.2 | 43.5 | -0.3 | 1,136 | 32.9690 | 757,482 | 
60 | NTLTUBES | 85.8 | 87.4 | 85.5 | 85.8 | 86.1 | -0.3 | 1,117 | 32.7370 | 378,781 | 
61 | NATLIFEINS | 103.1 | 103.7 | 99.1 | 103.1 | 99.3 | 3.8 | 1,236 | 32.2980 | 316,661 | 
62 | MHSML | 15.9 | 15.9 | 14.9 | 15.9 | 14.5 | 1.4 | 633 | 32.1860 | 2,051,037 | 
63 | FEKDIL | 16.2 | 16.3 | 16 | 16.2 | 16 | 0.2 | 786 | 31.8860 | 1,970,964 | 
64 | DSHGARME | 133.9 | 138 | 131 | 133.9 | 133.4 | 0.5 | 1,560 | 31.8620 | 237,387 | 
65 | BEACONPHAR | 113.8 | 116.8 | 110.3 | 113.8 | 111.4 | 2.4 | 1,440 | 31.5640 | 278,301 | 
66 | SEMLLECMF | 10.4 | 11.8 | 10.4 | 10.4 | 11.5 | -1.1 | 718 | 31.4120 | 2,944,607 | 
67 | BSCPLC | 135 | 138.7 | 131.5 | 134.2 | 131.8 | 3.2 | 834 | 31.0550 | 233,522 | 
68 | KDSALTD | 41.7 | 43 | 41.6 | 41.7 | 42.5 | -0.8 | 884 | 31.0110 | 735,765 | 
69 | IBNSINA | 305.7 | 306.9 | 296.7 | 305.7 | 296.8 | 8.9 | 698 | 30.9600 | 101,936 | 
70 | CONFIDCEM | 55.5 | 55.8 | 52.6 | 55.5 | 53.7 | 1.8 | 968 | 30.6470 | 557,006 | 
71 | DBH | 37.6 | 38 | 36.1 | 37.6 | 36.3 | 1.3 | 857 | 30.2300 | 807,319 | 
72 | SHEPHERD | 19.4 | 19.5 | 18.4 | 19.1 | 18.5 | 0.9 | 517 | 30.1120 | 1,594,316 | 
73 | ORIONPHARM | 33.4 | 33.9 | 32.5 | 33.4 | 32.8 | 0.6 | 901 | 29.6960 | 894,921 | 
74 | ONEBANKPLC | 8.1 | 8.2 | 7.9 | 8.1 | 8.1 | 0 | 414 | 29.1490 | 3,607,749 | 
75 | SINOBANGLA | 44 | 45.3 | 43.7 | 44 | 44.4 | -0.4 | 887 | 28.9730 | 649,395 | 
76 | MLDYEING | 10.2 | 10.6 | 10.1 | 10.2 | 10.2 | 0 | 844 | 28.1320 | 2,709,925 | 
77 | QUEENSOUTH | 13.1 | 13.7 | 13 | 13.1 | 13.3 | -0.2 | 902 | 27.8580 | 2,079,096 | 
78 | APEXSPINN | 130.6 | 134.5 | 128.5 | 130.6 | 128.6 | 2 | 1,034 | 27.2050 | 207,500 | 
79 | KPPL | 19.8 | 20.3 | 18.7 | 19.8 | 18.5 | 1.3 | 1,082 | 27.2000 | 1,368,083 | 
80 | CVOPRL | 139.7 | 143.4 | 138.5 | 139.7 | 142.7 | -3 | 1,241 | 26.2000 | 186,120 | 
81 | PHARMAID | 569.6 | 573 | 554.1 | 569.6 | 550.1 | 19.5 | 1,034 | 26.1620 | 46,358 | 
82 | BESTHLDNG | 16.9 | 17 | 16.6 | 16.9 | 16.9 | 0 | 825 | 25.7920 | 1,529,812 | 
83 | SONALIANSH | 186.4 | 190.5 | 184.5 | 186.4 | 188.2 | -1.8 | 1,309 | 25.6220 | 136,281 | 
84 | BANKASIA | 15.9 | 16 | 15.9 | 15.9 | 16 | -0.1 | 402 | 25.5690 | 1,606,284 | 
85 | LEGACYFOOT | 61 | 63.1 | 60.7 | 61 | 62.6 | -1.6 | 1,193 | 25.5170 | 413,984 | 
86 | MJLBD | 95.7 | 96.1 | 93.1 | 95.7 | 93.1 | 2.6 | 727 | 24.7080 | 259,883 | 
87 | GEMINISEA | 154 | 159.4 | 153.1 | 154 | 157.6 | -3.6 | 1,184 | 23.8760 | 153,655 | 
88 | JAMUNAOIL | 183.2 | 183.9 | 182 | 183.2 | 182 | 1.2 | 560 | 23.7470 | 129,449 | 
89 | RUPALIBANK | 22.1 | 22.7 | 21.8 | 22.1 | 22.5 | -0.4 | 1,033 | 23.4760 | 1,062,503 | 
90 | WALTONHIL | 440 | 442.9 | 427.9 | 440 | 427.7 | 12.3 | 1,330 | 23.4330 | 53,521 | 
91 | AFTABAUTO | 35.8 | 36.2 | 34.5 | 35.8 | 35.3 | 0.5 | 1,044 | 23.0490 | 654,806 | 
92 | JHRML | 52.3 | 53.2 | 51.5 | 52.3 | 52.6 | -0.3 | 831 | 23.0450 | 439,573 | 
93 | PRAGATILIF | 115.7 | 116 | 106.9 | 113.9 | 106.9 | 8.8 | 1,068 | 23.0060 | 205,899 | 
94 | MONNOFABR | 14.5 | 14.8 | 14 | 14.5 | 14.4 | 0.1 | 659 | 22.8610 | 1,565,456 | 
95 | MEGHNALIFE | 52 | 52.1 | 50.5 | 51.6 | 50.7 | 1.3 | 648 | 22.8400 | 445,306 | 
96 | DESHBANDHU | 20.4 | 21.5 | 20.2 | 20.4 | 20.6 | -0.2 | 889 | 22.7760 | 1,090,357 | 
97 | IFIC | 6.3 | 6.4 | 6.2 | 6.3 | 6.3 | 0 | 514 | 22.5640 | 3,593,155 | 
98 | FUWANGFOOD | 15.6 | 15.9 | 15.6 | 15.6 | 15.7 | -0.1 | 928 | 22.5210 | 1,433,877 | 
99 | DHAKABANK | 11.2 | 11.3 | 11 | 11.2 | 11.2 | 0 | 387 | 22.2140 | 1,987,586 | 
100 | STYLECRAFT | 75.2 | 79.8 | 74.9 | 75.2 | 75.6 | -0.4 | 1,276 | 22.0600 | 288,819 | 
101 | OIMEX | 25.1 | 25.6 | 25 | 25.1 | 25.1 | 0 | 466 | 22.0380 | 874,260 | 
102 | POPULARLIF | 48.1 | 48.2 | 47.4 | 47.9 | 47.8 | 0.3 | 707 | 21.8270 | 456,027 | 
103 | SAIHAMCOT | 14.1 | 14.7 | 14.1 | 14.1 | 13.9 | 0.2 | 623 | 21.7600 | 1,521,154 | 
104 | JAMUNABANK | 17.5 | 17.6 | 17.4 | 17.5 | 17.5 | 0 | 302 | 20.8830 | 1,192,815 | 
105 | GPHISPAT | 19.5 | 19.7 | 19.2 | 19.5 | 19.3 | 0.2 | 668 | 20.7680 | 1,067,714 | 
106 | ICB | 50.5 | 52.2 | 49.6 | 50.5 | 50.1 | 0.4 | 949 | 20.5300 | 403,502 | 
107 | RAHIMTEXT | 154.1 | 166.7 | 153 | 154.1 | 162.3 | -8.2 | 1,180 | 20.4940 | 129,468 | 
108 | ANWARGALV | 72.4 | 73.5 | 72.2 | 72.4 | 72.1 | 0.3 | 946 | 20.2860 | 278,540 | 
109 | RUPALILIFE | 83.2 | 84.8 | 82.3 | 83.2 | 82.9 | 0.3 | 969 | 20.1630 | 242,061 | 
110 | NAHEEACP | 21.8 | 22.4 | 21.8 | 21.8 | 22.3 | -0.5 | 685 | 20.0940 | 913,503 | 
111 | SIMTEX | 16.3 | 16.6 | 16.2 | 16.3 | 16.1 | 0.2 | 496 | 20.0390 | 1,226,120 | 
112 | UPGDCL | 134 | 134.3 | 127.8 | 133.6 | 127.8 | 6.2 | 1,011 | 18.9980 | 144,363 | 
113 | AL-HAJTEX | 134.3 | 138.7 | 133 | 134.3 | 136 | -1.7 | 535 | 18.9560 | 140,141 | 
114 | NCCBANK | 10.2 | 10.3 | 10 | 10.2 | 10.1 | 0.1 | 320 | 18.9480 | 1,872,214 | 
115 | TOSRIFA | 20.6 | 21.1 | 20.3 | 20.6 | 20.4 | 0.2 | 409 | 18.5200 | 892,676 | 
116 | FARCHEM | 23.1 | 23.2 | 22.2 | 23.1 | 22.2 | 0.9 | 464 | 18.4290 | 810,068 | 
117 | GOLDENSON | 11.9 | 12.2 | 11.8 | 11.9 | 11.9 | 0 | 659 | 18.3330 | 1,529,956 | 
118 | STANDARINS | 43 | 44.3 | 42.6 | 43 | 43.7 | -0.7 | 541 | 17.9750 | 413,123 | 
119 | HRTEX | 27.9 | 29.1 | 27.7 | 27.9 | 28.4 | -0.5 | 654 | 17.9430 | 632,674 | 
120 | EGEN | 21.4 | 21.8 | 21.3 | 21.4 | 21.6 | -0.2 | 559 | 17.9160 | 832,708 | 
121 | LINDEBD | 928.1 | 930 | 910 | 928.1 | 909.7 | 18.4 | 1,246 | 17.8530 | 19,287 | 
122 | SONARGAON | 35.3 | 36.7 | 35.2 | 35.3 | 35.6 | -0.3 | 852 | 17.8380 | 500,624 | 
123 | PRIMEINSUR | 34.2 | 34.5 | 32 | 34.2 | 32.5 | 1.7 | 638 | 17.7510 | 525,753 | 
124 | RELIANCE1 | 18.1 | 18.6 | 18 | 18.1 | 18.4 | -0.3 | 293 | 17.6640 | 961,908 | 
125 | NRBBANK | 10.6 | 10.8 | 10.5 | 10.6 | 10.7 | -0.1 | 363 | 17.6060 | 1,662,262 | 
126 | CRYSTALINS | 46 | 46.6 | 45.7 | 46 | 46 | 0 | 690 | 17.4760 | 378,941 | 
127 | KPCL | 12.3 | 12.3 | 11.5 | 12.3 | 11.2 | 1.1 | 946 | 17.3340 | 1,419,848 | 
128 | DELTALIFE | 73 | 73.5 | 72 | 73 | 72 | 1 | 1,031 | 17.2820 | 236,697 | 
129 | RDFOOD | 24.3 | 24.5 | 24.2 | 24.3 | 24.4 | -0.1 | 495 | 17.2300 | 707,430 | 
130 | MIRAKHTER | 28.2 | 28.9 | 28.1 | 28.2 | 28 | 0.2 | 561 | 17.2180 | 606,714 | 
131 | PREMIERCEM | 48.9 | 50.2 | 48.7 | 48.9 | 49.8 | -0.9 | 685 | 17.1900 | 348,525 | 
132 | WMSHIPYARD | 9.2 | 9.6 | 9.1 | 9.2 | 8.8 | 0.4 | 799 | 17.0610 | 1,809,140 | 
133 | UNITEDFIN | 12.9 | 13.3 | 12.7 | 12.9 | 12.7 | 0.2 | 434 | 16.9580 | 1,299,447 | 
134 | BBSCABLES | 17.1 | 17.7 | 17 | 17.1 | 17.3 | -0.2 | 602 | 16.7610 | 971,058 | 
135 | SALVOCHEM | 23.8 | 24.3 | 23.7 | 23.8 | 24 | -0.2 | 550 | 16.6480 | 696,055 | 
136 | ABB1STMF | 4 | 4 | 3.8 | 3.9 | 3.9 | 0.1 | 349 | 16.5950 | 4,252,513 | 
137 | MARICO | 2 | 2,645 | 2,625.2 | 2,640.5 | 2 | 22.8 | 366 | 16.3720 | 6,209 | 
138 | BSRMSTEEL | 60.8 | 61.2 | 59.3 | 60 | 60 | 0.8 | 420 | 16.2730 | 270,565 | 
139 | UNIONINS | 32.7 | 33.8 | 32.1 | 32.7 | 33.5 | -0.8 | 638 | 15.9970 | 483,980 | 
140 | ZAHEENSPIN | 7.3 | 7.6 | 7.2 | 7.3 | 7.2 | 0.1 | 501 | 15.8160 | 2,130,584 | 
141 | FUWANGCER | 13.5 | 13.6 | 13.3 | 13.5 | 13.4 | 0.1 | 530 | 15.6890 | 1,166,247 | 
142 | BDTHAI | 13.6 | 13.8 | 13.5 | 13.6 | 13.6 | 0 | 447 | 15.5320 | 1,135,817 | 
143 | KTL | 11.5 | 11.7 | 11.5 | 11.5 | 11.5 | 0 | 448 | 15.4970 | 1,339,672 | 
144 | EPGL | 17.9 | 18.2 | 17.7 | 17.9 | 17.8 | 0.1 | 672 | 15.3230 | 856,541 | 
145 | GHAIL | 12.3 | 12.5 | 12.3 | 12.3 | 12.3 | 0 | 419 | 15.0170 | 1,210,817 | 
146 | DOREENPWR | 24.9 | 25.4 | 24.5 | 24.9 | 24.9 | 0 | 499 | 14.9320 | 597,332 | 
147 | DESCO | 26.3 | 26.7 | 24.3 | 26.3 | 24.3 | 2 | 363 | 14.7230 | 568,537 | 
148 | SAIHAMTEX | 14.6 | 15.3 | 14.6 | 14.6 | 14.8 | -0.2 | 449 | 14.6110 | 989,147 | 
149 | ADNTEL | 75 | 76.7 | 74.5 | 75 | 75.4 | -0.4 | 623 | 14.3390 | 190,490 | 
150 | NHFIL | 26.9 | 27.3 | 25.7 | 26.9 | 26.1 | 0.8 | 516 | 14.2380 | 529,851 | 
151 | GQBALLPEN | 199.7 | 203.4 | 198 | 199.7 | 199.7 | 0 | 780 | 14.1130 | 70,393 | 
152 | MATINSPINN | 47.2 | 47.5 | 46.5 | 47.2 | 46 | 1.2 | 520 | 14.1080 | 299,069 | 
153 | TITASGAS | 20.6 | 20.9 | 19.3 | 20.6 | 19.5 | 1.1 | 389 | 13.9570 | 683,308 | 
154 | ETL | 9.1 | 9.2 | 9 | 9.1 | 9 | 0.1 | 461 | 13.7610 | 1,515,525 | 
155 | SSSTEEL | 6.3 | 6.3 | 5.8 | 6.3 | 5.8 | 0.5 | 839 | 13.7600 | 2,220,857 | 
156 | KARNAPHULI | 27.2 | 27.7 | 27.1 | 27.2 | 27.8 | -0.6 | 485 | 13.3210 | 486,608 | 
157 | SUNLIFEINS | 59.1 | 60 | 58.8 | 59.1 | 59.6 | -0.5 | 601 | 13.1430 | 221,919 | 
158 | SAPORTL | 23.2 | 23.4 | 23 | 23.2 | 23.1 | 0.1 | 389 | 12.7590 | 549,251 | 
159 | SHARPIND | 18.8 | 19.4 | 18.7 | 18.8 | 19 | -0.2 | 419 | 12.6910 | 668,970 | 
160 | DOMINAGE | 11.1 | 11.3 | 11 | 11.1 | 11.1 | 0 | 414 | 12.6370 | 1,134,357 | 
161 | MONNOAGML | 338.2 | 347 | 337 | 338.2 | 341.9 | -3.7 | 713 | 12.5360 | 36,769 | 
162 | RUNNERAUTO | 28.8 | 29.1 | 28.6 | 28.8 | 28.9 | -0.1 | 518 | 12.2350 | 423,927 | 
163 | SAMATALETH | 64.9 | 65.8 | 63.7 | 64.9 | 64.2 | 0.7 | 673 | 12.1710 | 187,960 | 
164 | CENTRALPHL | 11.7 | 11.8 | 11.6 | 11.7 | 11.6 | 0.1 | 417 | 12.0610 | 1,030,316 | 
165 | AMANFEED | 25.3 | 26 | 25.2 | 25.4 | 25.7 | -0.4 | 459 | 11.9320 | 465,861 | 
166 | UCB | 10.4 | 10.5 | 10.2 | 10.4 | 10.3 | 0.1 | 151 | 11.8320 | 1,136,046 | 
167 | BERGERPBL | 1 | 1,530 | 1,516.1 | 1,529.6 | 1 | 5.3 | 496 | 11.5250 | 7,544 | 
168 | SHAHJABANK | 17.8 | 17.9 | 17.8 | 17.8 | 17.9 | -0.1 | 97 | 11.3100 | 634,649 | 
169 | BDCOM | 24.4 | 24.6 | 24.2 | 24.4 | 24.2 | 0.2 | 331 | 11.2410 | 460,174 | 
170 | MEGHNAINS | 25.1 | 25.7 | 25 | 25.1 | 25.3 | -0.2 | 508 | 10.9880 | 434,645 | 
171 | SILCOPHL | 15.6 | 15.8 | 15.5 | 15.6 | 15.6 | 0 | 403 | 10.9670 | 701,443 | 
172 | IFADAUTOS | 24.1 | 24.6 | 24 | 24.1 | 24 | 0.1 | 357 | 10.8290 | 449,294 | 
173 | KOHINOOR | 512.3 | 517.9 | 510.1 | 512.3 | 512.5 | -0.2 | 547 | 10.7710 | 20,929 | 
174 | UNIQUEHRL | 38.8 | 39.2 | 38.5 | 38.8 | 38.8 | 0 | 481 | 10.6100 | 273,245 | 
175 | MERCANBANK | 8.3 | 8.3 | 8.2 | 8.3 | 8.2 | 0.1 | 218 | 10.4560 | 1,266,556 | 
176 | BDTHAIFOOD | 14.6 | 14.8 | 14.4 | 14.6 | 14.5 | 0.1 | 387 | 10.4180 | 714,354 | 
177 | ACI | 199.5 | 202.9 | 198.1 | 199.5 | 199 | 0.5 | 435 | 10.3580 | 51,760 | 
178 | BBS | 11.3 | 11.6 | 11.2 | 11.3 | 11.5 | -0.2 | 463 | 10.3350 | 906,745 | 
179 | CAPITECGBF | 7.4 | 7.7 | 7.3 | 7.4 | 7.6 | -0.2 | 278 | 10.3120 | 1,383,450 | 
180 | CENTRALINS | 36.3 | 38.3 | 36.1 | 36.3 | 37.5 | -1.2 | 601 | 10.2820 | 279,191 | 
181 | GLDNJMF | 7.8 | 7.9 | 7.7 | 7.8 | 7.9 | -0.1 | 275 | 10.2750 | 1,315,596 | 
182 | AMBEEPHA | 872.9 | 880 | 856.1 | 872.9 | 854.3 | 18.6 | 723 | 10.0430 | 11,520 | 
183 | EXIM1STMF | 4.9 | 5.1 | 4.8 | 4.9 | 5 | -0.1 | 167 | 10.0310 | 2,050,184 | 
184 | SILVAPHL | 11.3 | 11.6 | 11.1 | 11.3 | 11.2 | 0.1 | 397 | 9.8840 | 869,439 | 
185 | BANGAS | 104 | 107.2 | 103.6 | 104 | 104.7 | -0.7 | 511 | 9.5270 | 90,943 | 
186 | GLOBALINS | 28.4 | 28.7 | 28.3 | 28.4 | 28.6 | -0.2 | 399 | 9.4830 | 332,753 | 
187 | BDLAMPS | 132.1 | 136.2 | 129 | 132.1 | 129 | 3.1 | 489 | 9.4230 | 70,721 | 
188 | SINGERBD | 119.2 | 120 | 116.1 | 119.2 | 117 | 2.2 | 432 | 9.3740 | 78,637 | 
189 | ALIF | 6.2 | 6.2 | 6 | 6.2 | 6 | 0.2 | 349 | 8.9820 | 1,459,257 | 
190 | ENVOYTEX | 42.8 | 43.1 | 41.5 | 42.8 | 41.2 | 1.6 | 432 | 8.9700 | 210,350 | 
191 | MPETROLEUM | 206.7 | 207 | 205.2 | 206.7 | 205.1 | 1.6 | 322 | 8.9470 | 43,301 | 
192 | AIBL1STIMF | 5.9 | 6.1 | 5.9 | 5.9 | 6.1 | -0.2 | 276 | 8.8460 | 1,480,778 | 
193 | FORTUNE | 17 | 17.3 | 16.8 | 16.9 | 17 | 0 | 505 | 8.7310 | 515,906 | 
194 | RECKITTBEN | 3 | 3,340 | 3,299 | 3,309.1 | 3 | 9.6 | 270 | 8.5070 | 2,566 | 
195 | TILIL | 44.9 | 45.7 | 44 | 44.9 | 44.7 | 0.2 | 502 | 8.4900 | 188,072 | 
196 | CONTININS | 24.6 | 24.8 | 24.4 | 24.6 | 24.8 | -0.2 | 339 | 8.4750 | 345,408 | 
197 | PADMAOIL | 186.9 | 188 | 185.7 | 186.7 | 186.3 | 0.6 | 335 | 8.4460 | 45,262 | 
198 | ECABLES | 124.6 | 126 | 117 | 124.6 | 120 | 4.6 | 585 | 8.3610 | 67,023 | 
199 | GENEXIL | 25 | 25.2 | 24.7 | 25 | 24.9 | 0.1 | 339 | 8.3470 | 334,000 | 
200 | PTL | 44.7 | 46 | 44.2 | 44.7 | 45.3 | -0.6 | 276 | 8.2710 | 184,067 | 
201 | NPOLYMER | 30.1 | 30.8 | 30 | 30.1 | 30.3 | -0.2 | 310 | 8.0890 | 267,822 | 
202 | FEDERALINS | 20.6 | 20.9 | 20 | 20.5 | 20 | 0.6 | 272 | 7.9050 | 387,769 | 
203 | POWERGRID | 35 | 35.4 | 33.6 | 35 | 33.3 | 1.7 | 335 | 7.8520 | 225,854 | 
204 | SAMORITA | 60.5 | 62 | 60.3 | 60.5 | 60.9 | -0.4 | 490 | 7.7630 | 127,384 | 
205 | ESQUIRENIT | 22.1 | 22.5 | 22 | 22.1 | 21.9 | 0.2 | 257 | 7.7380 | 348,516 | 
206 | APEXFOOT | 220.2 | 221 | 218.5 | 220.2 | 216.7 | 3.5 | 496 | 7.7240 | 35,164 | 
207 | SONARBAINS | 26.1 | 28 | 25.9 | 26.1 | 26 | 0.1 | 295 | 7.6910 | 293,145 | 
208 | ABBANK | 6.9 | 7 | 6.9 | 6.9 | 7 | -0.1 | 264 | 7.4890 | 1,081,853 | 
209 | ARGONDENIM | 16.6 | 17.1 | 16.4 | 16.6 | 16.6 | 0 | 322 | 7.3930 | 440,861 | 
210 | MIRACLEIND | 30.1 | 31.6 | 30 | 30.1 | 30 | 0.1 | 501 | 7.3690 | 237,660 | 
211 | PARAMOUNT | 40.1 | 41.4 | 39.9 | 40.1 | 41 | -0.9 | 331 | 7.2340 | 178,770 | 
212 | SHASHADNIM | 18 | 18.3 | 17.9 | 18 | 17.9 | 0.1 | 218 | 7.1470 | 394,329 | 
213 | BSRMLTD | 81.2 | 82.2 | 80.2 | 81.2 | 81.3 | -0.1 | 265 | 7.1390 | 87,717 | 
214 | SQUARETEXT | 49.5 | 49.6 | 48.7 | 49.4 | 48.7 | 0.8 | 273 | 7.0560 | 143,494 | 
215 | HEIDELBCEM | 243.9 | 252 | 239.4 | 243.9 | 242.1 | 1.8 | 428 | 7.0210 | 28,396 | 
216 | SIPLC | 48.4 | 49.5 | 48.1 | 48.4 | 49 | -0.6 | 334 | 7.0120 | 144,177 | 
217 | SUMITPOWER | 15.1 | 15.2 | 15 | 15.1 | 15.1 | 0 | 192 | 6.8670 | 455,482 | 
218 | TAMIJTEX | 123.4 | 128.9 | 120.1 | 123.4 | 126 | -2.6 | 443 | 6.8460 | 54,721 | 
219 | COPPERTECH | 20.8 | 21.2 | 20.7 | 20.8 | 21.1 | -0.3 | 297 | 6.6990 | 320,676 | 
220 | ICBSONALI1 | 6 | 6.2 | 6 | 6 | 6.1 | -0.1 | 201 | 6.6610 | 1,107,902 | 
221 | JMISMDL | 148.4 | 154 | 147.3 | 148.4 | 149.1 | -0.7 | 462 | 6.5560 | 43,536 | 
222 | BDAUTOCA | 104.5 | 109.9 | 103.7 | 104.5 | 107.8 | -3.3 | 545 | 6.4840 | 61,264 | 
223 | PIONEERINS | 41.2 | 42.5 | 41 | 41.2 | 41.3 | -0.1 | 254 | 6.2130 | 150,945 | 
224 | SAFKOSPINN | 13.1 | 13.7 | 13 | 13.1 | 12.5 | 0.6 | 319 | 6.0200 | 451,414 | 
225 | SAIFPOWER | 7.7 | 8 | 7.7 | 7.7 | 7.7 | 0 | 417 | 5.8740 | 751,313 | 
226 | 1JANATAMF | 3.6 | 3.7 | 3.5 | 3.6 | 3.6 | 0 | 154 | 5.8660 | 1,630,745 | 
227 | INTECH | 20.2 | 20.7 | 20 | 20.2 | 20.2 | 0 | 299 | 5.7010 | 280,747 | 
228 | PHPMF1 | 3.5 | 3.5 | 3.4 | 3.5 | 3.5 | 0 | 124 | 5.6860 | 1,652,351 | 
229 | DAFODILCOM | 56.9 | 58.5 | 56.6 | 56.9 | 58.5 | -1.6 | 410 | 5.6670 | 98,704 | 
230 | NEWLINE | 7.5 | 7.9 | 7.4 | 7.5 | 7.4 | 0.1 | 342 | 5.6650 | 744,361 | 
231 | ACIFORMULA | 137 | 138.5 | 136 | 137 | 138 | -1 | 292 | 5.5900 | 40,665 | 
232 | PUBALIBANK | 25.4 | 25.7 | 25.4 | 25.4 | 25.6 | -0.2 | 293 | 5.5260 | 217,185 | 
233 | SANDHANINS | 19.7 | 20 | 19.7 | 19.7 | 19.7 | 0 | 196 | 5.4980 | 277,109 | 
234 | BDFINANCE | 10.9 | 11.4 | 10.3 | 10.9 | 10.7 | 0.2 | 306 | 5.4910 | 499,041 | 
235 | ADVENT | 15.5 | 15.7 | 15.3 | 15.5 | 15.4 | 0.1 | 191 | 5.4500 | 350,869 | 
236 | AAMRANET | 19.3 | 19.5 | 19.1 | 19.3 | 19.2 | 0.1 | 332 | 5.4060 | 279,600 | 
237 | PRIMELIFE | 36.5 | 36.9 | 35.4 | 36.5 | 36.6 | -0.1 | 257 | 5.3860 | 147,780 | 
238 | FBFIF | 3.6 | 3.7 | 3.5 | 3.6 | 3.6 | 0 | 136 | 5.3150 | 1,501,676 | 
239 | WATACHEM | 125.3 | 129.5 | 124.4 | 125.3 | 124.4 | 0.9 | 403 | 5.3110 | 41,966 | 
240 | MAKSONSPIN | 6.4 | 6.4 | 6.1 | 6.4 | 5.9 | 0.5 | 236 | 5.1310 | 803,890 | 
241 | ISNLTD | 42.8 | 43.8 | 42.5 | 42.8 | 43 | -0.2 | 190 | 5.0260 | 117,163 | 
242 | LRBDL | 15.3 | 15.7 | 15.3 | 15.3 | 15.3 | 0 | 254 | 5.0170 | 325,382 | 
243 | CROWNCEMNT | 50.4 | 50.7 | 49 | 50.4 | 49.5 | 0.9 | 419 | 4.8960 | 97,501 | 
244 | DACCADYE | 17.6 | 17.7 | 17.3 | 17.6 | 17.2 | 0.4 | 176 | 4.8740 | 277,043 | 
245 | APEXFOODS | 221.2 | 224.5 | 219.5 | 220.2 | 221.9 | -0.7 | 239 | 4.8110 | 21,749 | 
246 | CITYGENINS | 46.9 | 47.6 | 46.6 | 46.9 | 47.3 | -0.4 | 172 | 4.7690 | 101,404 | 
247 | EMERALDOIL | 22.7 | 23.2 | 22.6 | 22.7 | 22.8 | -0.1 | 212 | 4.7220 | 206,571 | 
248 | DBH1STMF | 6.3 | 6.5 | 6 | 6.3 | 6.2 | 0.1 | 121 | 4.7110 | 755,170 | 
249 | CLICL | 48.7 | 50 | 48.2 | 48.7 | 49.5 | -0.8 | 317 | 4.6430 | 95,491 | 
250 | BENGALWTL | 18.6 | 19 | 18.5 | 18.6 | 18.8 | -0.2 | 381 | 4.4260 | 235,891 | 
251 | RUPALIINS | 21.3 | 21.4 | 21 | 21.3 | 21.3 | 0 | 202 | 4.3830 | 206,215 | 
252 | ACFL | 17.4 | 17.5 | 16.4 | 17.3 | 16.2 | 1.2 | 312 | 4.2320 | 245,836 | 
253 | APEXTANRY | 73.5 | 76.9 | 72.3 | 73.5 | 76 | -2.5 | 309 | 4.1940 | 56,555 | 
254 | AOL | 16.1 | 16.4 | 15.8 | 16 | 16 | 0.1 | 201 | 4.1710 | 260,002 | 
255 | ARAMIT | 200.5 | 206 | 200.1 | 200.5 | 203.1 | -2.6 | 413 | 4.1040 | 20,268 | 
256 | DUTCHBANGL | 43.6 | 44 | 43.2 | 43.6 | 43.6 | 0 | 267 | 4.0880 | 93,865 | 
257 | MTB | 11.3 | 11.5 | 11.3 | 11.3 | 11.4 | -0.1 | 109 | 4.0800 | 358,418 | 
258 | LRGLOBMF1 | 3.9 | 4 | 3.8 | 3.9 | 3.9 | 0 | 48 | 4.0630 | 1,052,683 | 
259 | EBL1STMF | 4.6 | 4.9 | 4.6 | 4.6 | 4.8 | -0.2 | 165 | 4.0270 | 860,155 | 
260 | SONALILIFE | 60.5 | 61.9 | 60.4 | 60.5 | 62.4 | -1.9 | 292 | 3.9470 | 64,954 | 
261 | UNITEDINS | 37.2 | 38 | 37 | 37.2 | 37.3 | -0.1 | 125 | 3.9140 | 104,849 | 
262 | SICL | 21.4 | 22.2 | 21.4 | 21.4 | 22 | -0.6 | 274 | 3.8760 | 179,362 | 
263 | KEYACOSMET | 5 | 5.1 | 4.9 | 5 | 5 | 0 | 183 | 3.7810 | 762,233 | 
264 | BATASHOE | 843.6 | 856.1 | 830 | 843.6 | 838.8 | 4.8 | 179 | 3.6580 | 4,381 | 
265 | RAKCERAMIC | 21 | 21.3 | 20.8 | 21 | 20.9 | 0.1 | 209 | 3.5850 | 170,091 | 
266 | BGIC | 30.7 | 31.5 | 30.6 | 30.7 | 31.1 | -0.4 | 243 | 3.5410 | 113,492 | 
267 | DELTASPINN | 6 | 6.2 | 5.9 | 6 | 5.9 | 0.1 | 280 | 3.4860 | 573,126 | 
268 | EXIMBANK | 6.3 | 6.3 | 6.1 | 6.3 | 6.3 | 0 | 177 | 3.4170 | 546,958 | 
269 | IFIC1STMF | 3.8 | 3.9 | 3.7 | 3.8 | 3.8 | 0 | 179 | 3.3660 | 885,812 | 
270 | JANATAINS | 25.2 | 25.6 | 25.2 | 25.2 | 25.4 | -0.2 | 172 | 3.3640 | 133,006 | 
271 | ICICL | 21.3 | 21.4 | 20.9 | 21.3 | 21.2 | 0.1 | 207 | 3.3030 | 156,084 | 
272 | PF1STMF | 5.5 | 5.5 | 5.4 | 5.4 | 5.4 | 0.1 | 82 | 3.2960 | 610,405 | 
273 | BNICL | 39.4 | 40 | 39 | 39.4 | 39.2 | 0.2 | 155 | 3.2430 | 81,917 | 
274 | PEOPLESINS | 29.9 | 31.1 | 28.7 | 29.9 | 29.9 | 0 | 162 | 3.2150 | 107,696 | 
275 | ASIAINS | 27.8 | 28.3 | 27.6 | 27.8 | 27.9 | -0.1 | 160 | 3.1840 | 114,053 | 
276 | GIB | 3.1 | 3.2 | 3 | 3 | 3.1 | 0 | 199 | 3.1320 | 1,011,003 | 
277 | CAPMBDBLMF | 10.1 | 10.1 | 9.9 | 10.1 | 10.1 | 0 | 85 | 3.1230 | 312,492 | 
278 | RSRMSTEEL | 11.3 | 11.5 | 10.5 | 11.3 | 10.5 | 0.8 | 223 | 3.0670 | 274,385 | 
279 | PDL | 6.7 | 7.2 | 6.7 | 6.7 | 6.9 | -0.2 | 279 | 3.0670 | 445,755 | 
280 | NRBCBANK | 7.1 | 7.1 | 6.9 | 7.1 | 7 | 0.1 | 115 | 2.9990 | 426,595 | 
281 | PROVATIINS | 31 | 31.4 | 30.8 | 31 | 31.2 | -0.2 | 191 | 2.9890 | 96,011 | 
282 | INDEXAGRO | 67.3 | 68.8 | 67.1 | 67.3 | 67.8 | -0.5 | 164 | 2.9620 | 43,889 | 
283 | MEGHNACEM | 42.7 | 43.2 | 42 | 42.7 | 42 | 0.7 | 148 | 2.9370 | 68,579 | 
284 | OAL | 7.8 | 8.2 | 7.8 | 7.8 | 7.9 | -0.1 | 233 | 2.9200 | 368,108 | 
285 | AMCL(PRAN) | 221 | 221 | 216.9 | 220 | 217.6 | 3.4 | 181 | 2.9040 | 13,236 | 
286 | METROSPIN | 12.4 | 12.8 | 12 | 12.4 | 11.7 | 0.7 | 267 | 2.8340 | 230,284 | 
287 | GRAMEENS2 | 13 | 13.2 | 13 | 13 | 13 | 0 | 138 | 2.8250 | 216,086 | 
288 | ISLAMICFIN | 8.1 | 8.3 | 8 | 8.1 | 8 | 0.1 | 193 | 2.8160 | 346,435 | 
289 | YPL | 15.2 | 15.8 | 14.7 | 15.2 | 15.5 | -0.3 | 193 | 2.8140 | 184,345 | 
290 | NBL | 3.8 | 4 | 3.8 | 3.8 | 3.8 | 0 | 195 | 2.7690 | 727,510 | 
291 | ASIAPACINS | 30.8 | 31.5 | 30.7 | 30.7 | 30.6 | 0.2 | 143 | 2.7620 | 89,365 | 
292 | STANDBANKL | 6.5 | 6.6 | 6.3 | 6.5 | 6.5 | 0 | 142 | 2.7370 | 424,344 | 
293 | EASTLAND | 18.5 | 18.6 | 18.4 | 18.5 | 18.4 | 0.1 | 86 | 2.7260 | 147,271 | 
294 | HAMI | 106.8 | 109.7 | 105.1 | 106.8 | 107.8 | -1 | 188 | 2.6520 | 24,800 | 
295 | IFILISLMF1 | 5 | 5.1 | 4.9 | 4.9 | 5 | 0 | 101 | 2.6270 | 527,793 | 
296 | GHCL | 21 | 21.2 | 20.6 | 21 | 20.6 | 0.4 | 207 | 2.4380 | 116,797 | 
297 | PRIMEFIN | 4.5 | 4.5 | 4.1 | 4.5 | 4.1 | 0.4 | 164 | 2.4010 | 542,133 | 
298 | REPUBLIC | 28 | 28.4 | 27.9 | 28 | 28 | 0 | 109 | 2.3540 | 83,931 | 
299 | GBBPOWER | 8 | 8.1 | 7.9 | 8 | 7.8 | 0.2 | 129 | 2.3330 | 290,942 | 
300 | TRUSTB1MF | 3.8 | 3.9 | 3.7 | 3.8 | 3.8 | 0 | 57 | 2.3240 | 612,658 | 
301 | SIBL | 8.1 | 8.3 | 8 | 8.1 | 8.2 | -0.1 | 101 | 2.2690 | 279,504 | 
302 | DHAKAINS | 35.6 | 35.9 | 35.1 | 35.6 | 35.6 | 0 | 140 | 2.2220 | 62,600 | 
303 | PADMALIFE | 22.3 | 22.9 | 22 | 22.3 | 23 | -0.7 | 230 | 2.0200 | 90,078 | 
304 | UNIONBANK | 3 | 3.1 | 2.9 | 3 | 3 | 0 | 150 | 2.0130 | 671,313 | 
305 | GREENDELT | 46.8 | 50.4 | 46 | 46.8 | 46.2 | 0.6 | 141 | 2.0030 | 42,438 | 
306 | PHOENIXFIN | 3.9 | 4 | 3.8 | 3.9 | 3.9 | 0 | 84 | 1.9850 | 507,023 | 
307 | PENINSULA | 11.3 | 11.7 | 11.1 | 11.3 | 11.5 | -0.2 | 167 | 1.9640 | 173,251 | 
308 | PURABIGEN | 18.2 | 18.4 | 18 | 18.2 | 18.1 | 0.1 | 98 | 1.9200 | 105,813 | 
309 | PHENIXINS | 25.2 | 25.7 | 25 | 25.4 | 25.4 | -0.2 | 127 | 1.8500 | 73,427 | 
310 | RELIANCINS | 54.5 | 55.1 | 54.1 | 54.5 | 54.7 | -0.2 | 118 | 1.7700 | 32,504 | 
311 | VFSTDL | 7.6 | 7.8 | 7.5 | 7.6 | 7.5 | 0.1 | 123 | 1.7110 | 223,107 | 
312 | EBLNRBMF | 3.7 | 3.7 | 3.6 | 3.7 | 3.7 | 0 | 46 | 1.6430 | 444,829 | 
313 | NAVANACNG | 22.4 | 22.4 | 22.1 | 22.2 | 22.2 | 0.2 | 121 | 1.6430 | 73,849 | 
314 | VAMLBDMF1 | 7.1 | 7.1 | 7 | 7.1 | 7 | 0.1 | 54 | 1.6190 | 228,805 | 
315 | SKTRIMS | 10.4 | 10.7 | 10.4 | 10.4 | 10.7 | -0.3 | 134 | 1.5990 | 152,291 | 
316 | GENNEXT | 2.8 | 2.8 | 2.7 | 2.8 | 2.7 | 0.1 | 96 | 1.5880 | 578,013 | 
317 | AGRANINS | 24.8 | 25 | 24.6 | 24.8 | 24.7 | 0.1 | 100 | 1.5400 | 62,100 | 
318 | PROGRESLIF | 46.5 | 47.5 | 45.5 | 46.6 | 46.1 | 0.4 | 162 | 1.4840 | 31,747 | 
319 | TRUSTBANK | 19.4 | 19.5 | 18.5 | 19.4 | 19.3 | 0.1 | 87 | 1.4270 | 74,171 | 
320 | RANFOUNDRY | 148.8 | 152.5 | 148.5 | 148.8 | 149.7 | -0.9 | 119 | 1.4160 | 9,484 | 
321 | CNATEX | 3.3 | 3.5 | 3.3 | 3.3 | 3.3 | 0 | 132 | 1.4110 | 419,847 | 
322 | ALLTEX | 11.9 | 12.3 | 11.8 | 11.8 | 11.8 | 0.1 | 101 | 1.4040 | 116,716 | 
323 | EASTERNINS | 42.2 | 43.7 | 42.2 | 42.7 | 43.3 | -1.1 | 88 | 1.4000 | 32,680 | 
324 | FASFIN | 3.1 | 3.1 | 2.9 | 3 | 2.9 | 0.2 | 48 | 1.3840 | 465,584 | 
325 | GSPFINANCE | 5 | 5.1 | 4.8 | 5 | 4.8 | 0.2 | 142 | 1.3530 | 271,962 | 
326 | SEMLFBSLGF | 5.9 | 6 | 5.8 | 5.8 | 6 | -0.1 | 74 | 1.3090 | 224,319 | 
327 | PREMIERLEA | 3 | 3.1 | 3 | 3 | 3 | 0 | 31 | 1.2900 | 426,993 | 
328 | UNILEVERCL | 2 | 2,490 | 2,426 | 2,443 | 2 | 8.1 | 84 | 1.2720 | 522 | 
329 | ICBIBANK | 2.9 | 2.9 | 2.8 | 2.8 | 2.8 | 0.1 | 90 | 1.2640 | 448,609 | 
330 | ACTIVEFINE | 9.2 | 9.5 | 9.1 | 9.1 | 9.2 | 0 | 104 | 1.2620 | 137,631 | 
331 | HFL | 9.3 | 9.4 | 9 | 9.3 | 8.9 | 0.4 | 152 | 1.2080 | 131,421 | 
332 | NFML | 11.5 | 11.8 | 11.5 | 11.6 | 11.5 | 0 | 69 | 1.1720 | 100,756 | 
333 | PRAGATIINS | 48.4 | 49.6 | 47 | 48.8 | 49.1 | -0.7 | 57 | 1.1690 | 23,835 | 
334 | MBL1STMF | 5 | 5.3 | 5 | 5 | 5.1 | -0.1 | 72 | 1.1080 | 220,304 | 
335 | CAPMIBBLMF | 8.9 | 9.3 | 8.9 | 9 | 9.2 | -0.3 | 68 | 1.0740 | 118,490 | 
336 | PLFSL | 2 | 2 | 1.9 | 2 | 1.9 | 0.1 | 83 | 1.0260 | 513,455 | 
337 | ARAMITCEM | 14.3 | 14.7 | 14.2 | 14.3 | 14.4 | -0.1 | 113 | 1.0070 | 69,917 | 
338 | ALARABANK | 16.9 | 17.1 | 16.8 | 16.9 | 17 | -0.1 | 61 | 0.9920 | 58,624 | 
339 | ANLIMAYARN | 23.4 | 23.5 | 22.5 | 22.9 | 23.3 | 0.1 | 105 | 0.9050 | 39,359 | 
340 | PRIME1ICBA | 5.4 | 5.6 | 5.3 | 5.4 | 5.3 | 0.1 | 134 | 0.8760 | 163,173 | 
341 | BIFC | 6.7 | 6.8 | 6.2 | 6.7 | 6.2 | 0.5 | 81 | 0.8600 | 133,487 | 
342 | NCCBLMF1 | 5.6 | 5.7 | 5.6 | 5.6 | 5.6 | 0 | 38 | 0.8450 | 150,840 | 
343 | GREENDELMF | 4.3 | 4.3 | 4.1 | 4.2 | 4.2 | 0.1 | 40 | 0.8340 | 198,605 | 
344 | ISLAMIINS | 38.3 | 38.6 | 38 | 38.2 | 38.5 | -0.2 | 74 | 0.8160 | 21,354 | 
345 | FAMILYTEX | 2.3 | 2.4 | 2.3 | 2.3 | 2.3 | 0 | 69 | 0.7900 | 342,707 | 
346 | NTC | 172.8 | 175.4 | 171 | 172.8 | 172.8 | 0 | 64 | 0.7800 | 4,494 | 
347 | FAREASTLIF | 28.2 | 28.2 | 27.4 | 28 | 27.7 | 0.5 | 47 | 0.7690 | 27,534 | 
348 | APOLOISPAT | 3.6 | 3.6 | 3.4 | 3.5 | 3.5 | 0.1 | 100 | 0.7680 | 219,022 | 
349 | USMANIAGL | 35.8 | 36.8 | 35.7 | 35.8 | 36.2 | -0.4 | 83 | 0.7630 | 21,300 | 
350 | FAREASTFIN | 3.6 | 3.7 | 3.6 | 3.6 | 3.6 | 0 | 50 | 0.7590 | 209,975 | 
351 | AZIZPIPES | 52.4 | 54 | 52.1 | 52.4 | 52.9 | -0.5 | 108 | 0.7410 | 14,079 | 
352 | PRIMETEX | 14.2 | 14.5 | 14 | 14 | 14.2 | 0 | 143 | 0.7330 | 51,470 | 
353 | TALLUSPIN | 5.8 | 5.8 | 5.7 | 5.8 | 5.5 | 0.3 | 139 | 0.7280 | 126,878 | 
354 | MITHUNKNIT | 16.3 | 16.5 | 16 | 16 | 16.3 | 0 | 110 | 0.7090 | 43,637 | 
355 | MEGCONMILK | 18.4 | 18.9 | 18.1 | 18.5 | 17.9 | 0.5 | 210 | 0.6870 | 37,039 | 
356 | ILFSL | 3.2 | 3.2 | 3 | 3.2 | 3.1 | 0.1 | 30 | 0.6720 | 214,569 | 
357 | MIDASFIN | 7.6 | 7.8 | 7.2 | 7.6 | 7.3 | 0.3 | 107 | 0.6560 | 86,329 | 
358 | RINGSHINE | 3.2 | 3.2 | 3.1 | 3.2 | 3.1 | 0.1 | 87 | 0.6310 | 198,655 | 
359 | BDWELDING | 10.5 | 11 | 10.4 | 10.5 | 10.8 | -0.3 | 95 | 0.6240 | 58,515 | 
360 | UNIONCAP | 5.3 | 5.4 | 5.2 | 5.3 | 5.3 | 0 | 50 | 0.6200 | 116,688 | 
361 | VAMLRBBF | 6 | 6.2 | 6 | 6 | 6.2 | -0.2 | 44 | 0.5910 | 98,374 | 
362 | NITOLINS | 25.8 | 26.1 | 25.6 | 25.8 | 25.9 | -0.1 | 68 | 0.5840 | 22,631 | 
363 | MERCINS | 26 | 27.7 | 25.5 | 26.2 | 25.8 | 0.2 | 64 | 0.5730 | 21,767 | 
364 | ICB3RDNRB | 4.9 | 5 | 4.8 | 4.9 | 5 | -0.1 | 56 | 0.5470 | 111,676 | 
365 | AFCAGRO | 8.4 | 8.6 | 8.4 | 8.4 | 8.5 | -0.1 | 81 | 0.5360 | 63,350 | 
366 | TAKAFULINS | 33.7 | 35.5 | 32.5 | 33.7 | 35.3 | -1.6 | 88 | 0.5110 | 15,175 | 
367 | SEMLIBBLSF | 6.9 | 7.1 | 6.9 | 7 | 7 | -0.1 | 31 | 0.4710 | 67,400 | 
368 | BAYLEASING | 5.1 | 5.2 | 5 | 5 | 5 | 0.1 | 87 | 0.4700 | 93,237 | 
369 | SHURWID | 7.5 | 7.7 | 7.4 | 7.5 | 7.4 | 0.1 | 126 | 0.4680 | 61,665 | 
370 | POPULAR1MF | 3.7 | 3.7 | 3.6 | 3.6 | 3.6 | 0.1 | 27 | 0.4600 | 127,632 | 
371 | FIRSTFIN | 3.1 | 3.2 | 3 | 3.1 | 3 | 0.1 | 53 | 0.4520 | 147,570 | 
372 | AAMRATECH | 13.4 | 13.5 | 12.8 | 13.4 | 12.9 | 0.5 | 84 | 0.4410 | 33,475 | 
373 | STANCERAM | 71 | 72.9 | 67.4 | 71 | 70.3 | 0.7 | 89 | 0.4370 | 6,196 | 
374 | DULAMIACOT | 81.2 | 81.9 | 80.1 | 81.2 | 79.4 | 1.8 | 94 | 0.4350 | 5,360 | 
375 | REGENTTEX | 3.9 | 4.1 | 3.8 | 3.9 | 4 | -0.1 | 51 | 0.4090 | 103,370 | 
376 | ZAHINTEX | 4.6 | 4.7 | 4.5 | 4.5 | 4.4 | 0.2 | 79 | 0.4050 | 88,276 | 
377 | NURANI | 3.2 | 3.3 | 3.2 | 3.2 | 3.2 | 0 | 34 | 0.3520 | 109,974 | 
378 | ICBAGRANI1 | 6.8 | 7 | 6.8 | 6.9 | 6.9 | -0.1 | 21 | 0.3280 | 47,505 | 
379 | ICBAMCL2ND | 6.3 | 6.4 | 6.3 | 6.3 | 6.3 | 0 | 27 | 0.3250 | 51,615 | 
380 | HWAWELLTEX | 41.6 | 42.4 | 41.1 | 41.9 | 41.6 | 0 | 36 | 0.3220 | 7,686 | 
381 | ZEALBANGLA | 88 | 92.5 | 87.6 | 88 | 88 | 0 | 36 | 0.3100 | 3,516 | 
382 | NORTHERN | 107 | 108.9 | 104.6 | 105.6 | 106.3 | 0.7 | 59 | 0.2980 | 2,778 | 
383 | MEGHNAPET | 26.7 | 27.8 | 26.2 | 26.6 | 26 | 0.7 | 35 | 0.2740 | 10,249 | 
384 | NORTHRNINS | 28.7 | 29.5 | 28.6 | 28.7 | 29.1 | -0.4 | 28 | 0.2350 | 8,201 | 
385 | ATLASBANG | 57.9 | 59.6 | 57.9 | 58.5 | 56.9 | 1 | 53 | 0.2220 | 3,790 | 
386 | TUNGHAI | 2.7 | 2.7 | 2.6 | 2.6 | 2.6 | 0.1 | 46 | 0.1820 | 68,894 | 
387 | UTTARAFIN | 12 | 12 | 11.4 | 12 | 11.4 | 0.6 | 43 | 0.1580 | 13,330 | 
388 | ICBEPMF1S1 | 5.1 | 5.3 | 5.1 | 5.1 | 5.2 | -0.1 | 13 | 0.0720 | 14,166 | 
389 | JUTESPINN | 214 | 220 | 214 | 215.5 | 214.2 | -0.2 | 9 | 0.0130 | 62 | 
390 | RENWICKJA | 695 | 749.5 | 695 | 722.3 | 738.8 | -43.8 | 2 | 0.0070 | 10 | 
391 | SHYAMPSUG | 131 | 131.3 | 131 | 131 | 131.3 | -0.3 | 3 | 0.0070 | 52 | 
392 | BEXIMCO | 0 | 0 | 0 | 110.1 | 110.1 | -- | 0 | 0.0000 | 0 | 
393 | SAVAREFR | 0 | 0 | 0 | 215.5 | 215.5 | -- | 0 | 0.0000 | 0 | 
394 | FIRSTSBANK | 0 | 0 | 0 | 4.2 | 4.2 | -- | 0 | 0.0000 | 0 | 
395 | ATCSLGF | 0 | 0 | 0 | 7.5 | 7.5 | -- | 0 | 0.0000 | 0 | 
396 | SOUTHEASTB | 0 | 0 | 0 | 7.8 | 7.8 | -- | 0 | 0.0000 | 0 | 
397 | BDSERVICE | 0 | 0 | 0 | 5.2 | 5.2 | -- | 0 | 0.0000 | 0 | 
